1, 1, 1, 1, 1, 1, 1, 1, 1, 1, 1, 1, 1, 1, 1, 1, 1, 1, 1, 1, 2, 
1, 3, 0, 0, 1, 6, 0, 0, 0, 1, 1, 1, 1, 1, 1, 0, 0, 0, 3, 1, 2, 
1, 0, 1, 0, 9, 0, 0, 1, 0, 1, 0, 5, 1, 4, 1, 1, 0, 0, 0, 1, 2, 
1, 1, 1, 1, 1, 1, 1, 1, 0, q, 0, 0, 0, 0, 1, 0, 0, 1, 3, 1, 2, 
1, 1, 0, 0, 0, 0, 0, 0, 0, 1, 0, 9, 0, 6, 1, 0, 3, 0, 0, 1, 2, 
1, 1, 4, 1, 0, 0, 1, 1, 0, 1, 1, 1, 1, 1, 1, 0, q, 0, 0, 1, 2, 
1, 1, 0, 1, 4, 0, 0, 1, 1, 1, 0, 0, 6, 0, 0, 1, q, 1, 3, 1, 2, 
1, 6, 1, 1, 0, 0, 0, 0, 0, 1, 0, 0, 0, 1, 1, 3, 4, 4, 4, 1, 2,
1, 0, 0, 0, 0, 0, 0, 1, 1, 1, 0, 0, 0, 0, 0, 1, 4, 6, 4, 1, 2,
1, 0, 4, 0, 3, 0, 0, 0, 0, 0, 0, 3, 0, 0, 0, 1, 4, 6, 4, 1, 2,
1, 3, 0, 0, 0, 0, 0, 0, 0, 0, 0, q, 0, 1, 1, 0, 4, 4, 3, 1, 2,
1, 1, 1, 1, 1, q, 1, 0, 1, 1, q, 1, 1, 1, 1, 1, 1, 1, 1, 1, 1, 1, 1, 1, 1, 1, 1, 1, 2,
1, 1, 1, 1, 1, 0, 1, 1, 1, 1, 0, 1, 1, 1, 1, 1, 1, 1, 1, 1, 1, 9, 7, 9, 7, 9, 7, 1, 2, 
1, 3, 0, 0, 1, 0, 0, 0, q, 1, 1, 1, 1, 0, 0, 0, 0, 6, 3, 3, 1, 4, 8, 4, 8, 4, 8, 1, 2, 
1, 0, 1, 0, 0, 0, 0, 1, 0, 1, 0, 0, 1, 0, 0, 1, 0, 0, 0, 0, q, 0, 0, 0, 0, 0, 8, 1, 2, 
1, 1, 1, 1, 1, 3, 0, 1, 0, q, 0, 0, 1, 4, 0, 0, 0, 1, 3, 3, q, 0, 0, 0, 0, 0, 8, 1, 2, 
1, 1, 0, 0, 0, 3, 0, 0, 0, 1, 6, 0, 1, 0, 3, 0, 0, 0, 0, 0, 1, 4, 8, 4, 8, 4, 8, 1, 2, 
1, 1, 4, 1, 0, 0, 1, 1, 0, 1, 1, 1, 1, 0, 0, 0, 0, 0, 0, 1, 1, 9, 7, 9, 7, 9, 7, 1, 2 
1, 1, 0, 1, 4, 0, 9, 1, 0, 0, 0, 0, 0, 0, 0, 1, 1, 1, 3, 1, 1, 1, 1, 1, 1, 1, 1, 1, 2, 
1, 0, 1, 1, 0, 0, 0, 0, 0, 1, 0, 9, 1, 1, 1, 0, 4, 4, 4, 1, 2,
1, 0, 0, 0, 0, 0, 0, 1, 1, 1, 0, 0, 1, 0, 0, 1, 4, 4, 4, 1, 2,
1, 0, 4, 0, 3, 0, 0, 0, 0, 0, 0, 3, 1, 0, 0, 1, 4, 4, 4, 1, 2,
1, 3, 0, 0, 0, 0, 0, 0, 6, 0, 0, 6, 1, 1, 1, 0, 4, 4, 3, 1, 2,
1, 1, 1, 1, 1, 1, 1, 1, 1, 1, 1, 1, 1, 1, 1, 1, 1, 1, 1, 1, 2,
